170
24 43 3 6 0 2 2 4 2 5 4 3 3 6 5 5 2 6 0 2 6 6 2 0 6 2 5 5 6 3 3 4 5 2 4 2 2 0 6 3 0 0 0 0 0
26 43 5 1 5 3 0 4 1 0 0 2 6 0 5 6 0 5 1 0 5 4 3 6 4 3 5 6 2 2 6 6 4 2 2 3 0 2 1 3 0 0 0 0 0
180 43 5 2 2 5 1 1 5 3 3 3 3 0 3 4 4 2 1 6 2 4 4 0 5 4 6 4 6 5 3 6 6 1 4 2 1 6 6 0 3 0 0 0 0
281 43 1 6 2 4 0 1 5 2 4 5 3 2 3 3 5 4 0 6 4 2 0 4 6 0 1 3 4 6 3 6 5 6 0 6 0 2 1 3 5 0 0 0 0
284 43 4 2 6 2 4 1 0 5 5 0 4 0 3 1 2 6 5 3 6 6 5 6 3 5 1 1 5 1 4 2 0 6 4 4 4 5 4 3 5 0 0 0 0
305 43 4 5 3 0 1 2 6 0 4 2 4 4 6 5 0 0 6 4 0 0 5 3 2 5 5 5 3 6 4 6 1 2 0 1 1 6 6 0 6 0 0 0 0
360 43 3 5 6 4 6 4 6 1 3 1 1 6 4 3 2 0 1 4 3 0 2 6 2 0 4 4 6 5 4 4 0 4 5 6 5 0 2 1 1 1 0 0 0
381 43 3 1 2 1 4 1 6 3 6 2 3 0 2 3 0 4 3 2 0 2 6 4 4 4 2 4 4 6 6 5 3 6 5 3 3 4 5 4 1 1 0 0 0
393 43 1 1 0 6 6 3 6 0 1 0 4 5 1 6 3 0 0 1 3 2 6 5 2 4 2 0 2 0 0 2 4 6 3 0 5 4 4 0 2 1 0 0 0
451 43 3 4 0 0 0 6 4 5 1 5 1 0 3 4 5 2 3 6 5 2 2 0 0 0 5 5 2 1 4 5 2 3 4 0 6 2 6 2 3 1 0 0 0
452 43 4 5 6 4 6 6 0 6 6 1 6 4 3 1 4 5 0 5 1 1 6 3 6 4 5 2 0 4 2 6 5 3 3 4 5 3 0 2 3 1 0 0 0
510 43 6 1 6 5 0 2 5 4 6 6 3 6 5 6 6 0 3 3 3 1 2 5 4 0 1 0 0 5 6 2 3 0 4 4 6 1 2 4 4 1 0 0 0
520 43 2 6 5 1 5 0 0 6 2 4 3 0 6 4 4 0 0 1 3 4 5 1 0 3 2 5 2 3 6 1 0 6 1 0 4 2 0 6 4 1 0 0 0
523 43 5 2 2 6 2 0 2 2 3 6 4 5 6 2 1 2 5 5 5 1 3 3 4 1 2 3 3 5 0 4 2 6 5 5 1 5 3 6 4 1 0 0 0
539 43 0 0 4 5 4 1 0 6 5 0 0 3 2 0 4 2 0 4 5 0 4 6 1 2 6 1 4 2 3 3 2 2 6 3 3 1 0 3 5 1 0 0 0
582 43 1 0 2 3 6 2 3 4 2 5 2 2 5 4 6 6 1 6 2 3 2 5 4 0 2 5 5 0 5 6 4 6 5 1 5 3 0 2 5 1 0 0 0
644 43 0 1 0 6 6 1 5 2 5 0 6 0 2 1 1 2 1 0 5 1 2 1 5 0 1 2 1 1 2 0 6 0 5 2 5 1 6 6 0 1 0 0 0
676 43 4 2 0 4 4 4 3 4 1 4 3 1 4 3 6 3 1 5 6 2 0 1 6 5 3 4 2 5 6 3 1 5 1 0 3 1 0 3 0 1 0 0 0
712 43 5 1 5 5 2 2 2 5 0 1 1 3 4 2 1 5 2 5 4 5 1 5 2 4 4 4 3 2 0 2 3 5 4 2 0 0 2 1 2 2 0 0 0
729 43 1 0 5 0 4 6 4 3 4 4 4 2 2 0 3 4 2 0 3 4 3 5 1 6 2 2 2 5 3 6 1 0 1 4 2 0 1 4 2 2 0 0 0
755 43 6 1 4 4 3 0 4 3 0 0 1 5 5 3 3 6 2 3 5 0 2 3 2 5 6 5 4 4 0 1 3 3 6 0 1 6 1 1 3 2 0 0 0
771 43 1 6 5 2 6 4 3 0 6 0 6 0 3 4 6 2 5 6 1 0 0 0 2 3 4 6 5 4 5 4 5 5 4 5 4 5 6 4 3 2 0 0 0
800 43 2 4 2 3 6 4 5 6 4 3 0 6 3 5 0 5 6 3 4 3 3 4 3 6 5 0 5 3 6 0 3 4 6 5 4 6 3 2 4 2 0 0 0
804 43 6 1 5 5 2 4 3 3 3 1 6 1 3 0 3 3 1 6 2 6 5 2 6 1 5 2 4 1 5 4 1 4 2 0 0 3 0 2 4 2 0 0 0
817 43 5 2 1 6 4 2 0 1 0 1 0 0 4 3 5 5 3 1 4 6 6 0 6 2 6 5 0 1 6 6 0 3 3 1 2 0 1 4 4 2 0 0 0
840 43 0 1 4 4 3 2 5 1 3 0 6 3 4 1 5 4 1 4 3 1 6 0 6 2 0 3 5 3 5 3 1 2 4 5 1 2 6 2 5 2 0 0 0
878 43 3 2 6 4 6 4 0 5 2 6 1 5 3 6 1 1 0 0 0 6 6 1 4 2 6 1 5 2 0 3 1 3 1 5 4 0 0 0 5 2 0 0 0
910 43 0 4 1 2 0 3 4 3 2 2 6 0 0 5 3 5 2 5 4 2 6 4 5 2 4 0 3 1 5 0 2 5 0 2 5 3 1 6 6 2 0 0 0
952 43 0 3 1 4 2 1 3 0 4 5 1 5 1 2 6 3 5 4 2 5 3 6 6 6 6 4 6 0 0 5 6 3 3 3 0 1 6 6 0 2 0 0 0
971 43 5 3 5 1 5 6 4 4 3 2 4 0 2 1 2 2 3 0 1 6 0 1 0 3 0 3 4 4 3 6 2 2 5 0 3 4 6 1 0 2 0 0 0
1010 43 2 6 1 5 3 4 1 5 4 3 5 0 3 0 1 5 1 2 4 5 6 1 4 2 2 2 6 1 4 1 4 0 4 3 1 6 1 1 1 2 0 0 0
1044 43 1 3 1 5 3 2 1 4 0 1 0 1 3 5 5 1 1 4 3 3 6 6 2 0 3 1 4 6 2 5 0 0 2 4 0 3 1 6 3 3 0 0 0
1101 43 2 5 2 2 5 5 3 1 2 3 6 6 5 6 1 0 0 3 2 4 5 5 1 6 6 2 6 4 1 0 2 4 4 0 2 0 2 1 4 3 0 0 0
1132 43 5 5 4 4 3 5 4 2 3 5 3 6 5 1 0 2 2 5 4 5 2 1 0 3 0 4 2 2 5 5 6 3 4 1 0 3 1 6 5 3 0 0 0
1163 43 1 6 6 4 6 0 6 6 2 4 5 1 4 6 3 6 1 1 1 3 2 2 5 3 6 2 2 1 0 5 6 4 1 1 3 1 2 4 5 3 0 0 0
1250 43 4 0 3 6 0 3 6 3 0 5 3 2 6 5 6 4 5 3 6 6 1 1 4 2 3 1 2 1 5 4 2 0 4 1 4 0 1 4 0 3 0 0 0
1415 43 1 0 5 2 6 4 5 1 4 3 6 5 1 3 4 4 3 5 2 5 1 4 6 0 1 0 3 5 4 2 0 3 3 3 2 5 2 2 4 4 0 0 0
1493 43 2 5 3 4 5 1 6 0 5 0 5 0 6 1 5 4 3 5 2 0 0 0 4 6 1 5 3 1 3 1 3 3 1 3 1 3 5 1 6 4 0 0 0
1519 43 0 0 3 0 1 1 6 3 2 1 5 1 6 4 2 5 6 5 3 6 5 2 1 4 2 1 2 5 3 1 6 2 6 5 4 1 6 6 0 4 0 0 0
1524 43 5 5 5 6 3 1 0 1 6 2 2 0 6 3 4 6 5 0 4 1 4 3 3 3 2 0 6 6 0 6 0 2 1 4 6 6 4 6 0 4 0 0 0
1603 43 0 5 2 3 6 0 5 4 3 6 4 1 3 1 1 4 6 0 2 6 3 0 6 2 0 5 1 6 2 1 2 4 2 0 2 0 3 5 1 4 0 0 0
1605 43 2 0 0 4 4 0 4 6 6 5 0 2 3 2 6 3 0 5 1 4 4 6 4 3 0 6 4 5 5 3 1 4 0 1 0 2 5 5 1 4 0 0 0
1689 43 2 5 0 1 1 3 2 0 3 4 4 5 5 3 5 6 6 3 4 3 5 3 6 4 4 0 3 3 2 6 2 0 6 3 4 5 1 5 3 4 0 0 0
1717 43 2 2 5 6 3 2 5 4 3 0 1 5 1 5 4 6 0 0 0 4 3 0 0 0 1 3 2 6 2 6 0 4 3 2 5 4 1 2 5 5 0 0 0
1730 43 1 3 1 0 5 0 2 2 0 0 2 4 2 1 6 1 2 2 2 4 4 5 0 1 2 6 5 6 3 1 6 3 4 3 0 1 2 4 5 5 0 0 0
1740 43 4 0 6 4 6 6 4 1 2 0 6 0 6 6 0 2 3 3 3 4 1 4 0 5 6 4 3 6 0 2 2 6 1 0 1 3 6 5 5 5 0 0 0
1859 43 4 3 4 3 2 4 2 3 4 3 4 0 0 0 5 0 3 0 1 4 4 0 3 1 2 5 1 1 5 2 1 3 0 4 4 1 0 3 0 5 0 0 0
1930 43 5 0 1 6 4 2 3 6 4 2 0 4 1 5 2 1 0 3 2 3 4 6 5 1 5 3 4 6 1 3 3 0 5 5 6 0 2 1 2 5 0 0 0
1986 43 5 1 3 6 0 5 2 2 1 1 1 5 3 2 6 4 2 3 5 5 6 2 5 3 1 0 1 1 2 4 2 4 1 4 2 3 2 3 3 5 0 0 0
1992 43 4 1 5 1 5 4 6 4 4 3 6 6 0 5 4 0 1 1 1 2 1 3 2 5 5 3 0 3 0 1 0 0 2 6 0 1 2 4 3 5 0 0 0
2015 43 6 6 0 0 0 5 4 1 6 4 2 4 3 3 0 0 3 0 1 1 2 6 6 6 2 1 1 0 3 0 0 3 3 4 2 4 6 1 4 5 0 0 0
2108 43 1 1 0 4 4 5 5 2 1 1 2 2 2 3 2 0 6 3 4 1 1 6 4 3 3 2 1 0 6 6 5 3 1 1 5 6 3 2 0 6 0 0 0
2171 43 1 3 3 3 4 0 4 1 6 5 6 1 1 0 3 2 4 0 6 6 2 6 0 4 3 6 2 0 3 5 5 3 4 6 5 1 4 5 1 6 0 0 0
2272 43 4 6 2 3 6 1 4 4 6 2 3 5 4 6 0 5 0 3 2 1 6 6 5 1 1 5 3 3 0 0 3 5 0 4 0 5 5 0 3 6 0 0 0
2313 43 3 4 3 1 2 6 0 0 3 2 0 6 5 6 4 0 6 3 4 5 6 5 0 1 3 5 1 6 4 4 4 3 4 1 3 2 2 0 4 6 0 0 0
2369 43 3 5 5 1 5 2 6 3 0 1 1 0 0 3 1 3 1 3 0 0 1 1 0 3 6 2 5 1 5 5 3 0 0 0 6 5 2 2 5 6 0 0 0
2377 43 4 0 5 4 1 1 2 0 6 2 2 2 4 0 4 5 1 6 2 2 4 1 2 6 3 6 0 2 6 4 0 3 6 3 2 5 4 3 5 6 0 0 0
2394 43 0 6 5 6 3 5 4 5 3 5 5 1 2 5 6 4 1 1 1 1 6 1 1 1 1 4 6 5 2 1 5 5 3 5 4 5 3 6 5 6 0 0 0
2440 43 4 2 1 4 3 3 4 2 3 2 3 0 4 5 0 4 3 6 6 0 1 3 0 3 3 5 4 6 0 5 1 4 1 5 5 6 1 2 6 1 1 0 0
2455 43 5 5 3 0 2 5 6 2 6 2 5 3 3 6 0 2 5 2 4 4 6 6 2 1 3 6 3 2 2 5 4 4 3 0 4 2 3 5 0 1 1 0 0
2479 43 1 5 4 1 1 1 1 3 4 3 4 0 5 4 6 0 1 1 2 6 0 3 4 2 5 4 6 3 1 0 3 2 0 1 3 1 3 2 0 1 1 0 0
2499 43 0 0 2 2 6 2 4 4 5 2 6 0 1 4 5 5 5 3 0 1 3 4 4 5 2 4 6 5 3 3 1 5 4 1 1 1 4 6 1 1 1 0 0
2514 43 1 3 3 4 6 0 0 4 5 1 3 0 2 1 5 6 1 3 1 6 5 1 2 0 3 1 5 4 0 0 6 4 3 3 1 0 0 1 1 1 1 0 0
2516 43 3 5 1 5 4 0 6 6 1 0 6 1 2 2 3 5 2 1 0 4 6 0 0 1 3 2 1 3 3 2 5 4 1 4 6 2 2 1 1 1 1 0 0
2529 43 2 6 4 6 6 5 3 4 5 0 0 0 3 5 5 0 4 3 2 4 0 5 0 2 4 5 4 3 4 4 4 3 2 5 1 6 3 3 1 1 1 0 0
2564 43 2 4 3 2 4 4 2 5 6 5 6 0 0 2 4 6 4 5 1 4 5 3 5 0 2 2 3 4 3 4 0 5 5 0 6 5 0 2 2 1 1 0 0
2608 43 4 5 1 5 4 2 0 4 4 0 4 6 1 0 5 3 1 2 5 5 3 4 4 5 4 0 2 2 1 4 3 3 6 2 6 5 0 2 3 1 1 0 0
2692 43 4 3 0 1 2 1 6 5 5 5 3 6 5 4 4 2 1 4 4 5 1 2 2 3 2 4 1 3 0 4 6 5 2 4 4 4 4 1 4 1 1 0 0
2831 43 3 1 3 2 4 6 4 0 1 3 4 4 5 3 5 5 2 2 3 4 6 2 4 6 5 4 3 0 4 5 6 3 6 4 5 1 3 2 1 2 1 0 0
2860 43 4 6 0 3 4 6 6 6 6 6 5 3 5 4 6 1 3 6 6 0 2 6 5 2 6 5 3 6 5 1 4 2 1 4 5 2 0 0 2 2 1 0 0
2868 43 5 1 0 6 0 5 2 3 5 0 6 5 2 1 2 3 3 2 1 2 5 6 0 5 3 2 5 0 6 0 1 5 0 0 1 2 2 1 2 2 1 0 0
2876 43 6 3 0 2 3 4 5 0 4 1 0 0 6 5 5 5 3 5 3 4 1 6 2 1 0 6 0 1 0 6 5 1 6 3 4 2 4 2 2 2 1 0 0
2887 43 3 2 5 2 0 2 3 3 5 2 5 5 0 0 2 1 4 2 6 6 1 5 4 1 1 1 0 2 5 6 5 0 2 3 1 4 3 4 2 2 1 0 0
2889 43 5 4 3 3 5 2 2 5 1 1 1 6 0 1 0 0 5 0 5 4 2 4 2 2 1 2 3 1 1 1 4 0 0 4 6 6 5 4 2 2 1 0 0
2972 43 4 1 4 3 3 5 4 5 0 4 0 5 2 5 0 0 0 6 5 4 6 5 5 6 5 6 4 3 0 3 2 3 0 2 4 1 0 4 4 2 1 0 0
3175 43 4 2 2 0 4 5 4 0 6 2 3 6 1 5 1 1 3 0 2 0 2 1 2 0 1 0 5 3 6 4 5 1 6 4 4 1 1 1 2 3 1 0 0
3231 43 4 3 4 0 0 1 3 3 3 1 4 0 3 2 5 4 5 0 5 2 4 4 2 2 4 4 2 5 0 5 4 5 2 3 0 4 1 3 3 3 1 0 0
3271 43 2 0 6 1 4 6 3 5 2 5 3 4 4 5 3 3 0 1 4 0 0 0 5 5 6 0 2 5 6 1 2 3 0 3 4 0 4 3 4 3 1 0 0
3283 43 0 0 4 6 6 1 3 2 4 3 4 2 3 1 6 6 4 0 0 0 0 1 3 5 6 3 0 6 0 5 3 3 5 0 6 0 3 6 5 3 1 0 0
3295 43 5 6 0 4 5 0 4 3 2 2 4 6 0 0 5 6 6 6 0 5 5 6 1 3 3 2 1 5 0 1 5 6 0 5 5 4 2 0 5 3 1 0 0
3313 43 2 6 6 3 6 4 2 2 4 1 5 2 5 2 6 1 3 0 2 3 4 2 6 2 1 4 5 4 1 6 6 1 3 4 6 5 2 3 5 3 1 0 0
3418 43 2 0 2 4 1 4 0 5 4 1 4 6 5 3 3 1 4 3 2 4 2 4 3 0 3 5 2 3 0 3 3 6 2 3 1 5 1 6 0 3 1 0 0
3457 43 6 2 4 3 3 2 1 2 4 0 3 6 5 0 2 5 3 0 2 4 1 3 3 4 4 3 4 2 2 5 0 6 2 3 2 0 6 4 2 4 1 0 0
3465 43 0 5 5 5 3 0 4 2 4 6 0 6 6 4 2 6 6 0 3 2 3 0 1 6 5 0 3 1 6 2 5 5 1 5 2 6 2 6 2 4 1 0 0
3520 43 6 4 0 2 3 4 0 1 2 4 0 5 4 4 3 0 1 4 4 2 2 3 6 5 4 0 5 2 6 4 0 6 5 1 2 2 0 0 3 4 1 0 0
3587 43 3 4 1 3 2 2 3 0 3 5 4 0 5 0 4 3 3 4 0 5 0 4 5 3 0 3 2 2 3 1 4 3 0 0 1 4 5 5 5 4 1 0 0
3605 43 0 4 0 2 3 6 1 6 5 4 5 3 3 2 5 5 0 5 2 3 6 0 3 2 5 5 6 1 4 6 5 5 3 6 2 5 5 1 5 4 1 0 0
3782 43 2 3 6 4 0 3 0 5 3 2 6 6 0 3 2 2 6 2 2 6 0 0 0 1 6 0 1 1 1 3 3 5 0 6 5 4 4 1 3 5 1 0 0
3806 43 5 2 6 6 2 0 2 3 0 5 2 5 5 1 4 1 6 4 1 5 2 0 6 3 4 5 0 4 4 0 1 0 4 1 0 4 3 4 3 5 1 0 0
3834 43 5 6 4 3 3 0 1 1 0 5 5 0 5 5 6 1 3 2 1 2 1 1 1 2 5 2 2 0 0 2 3 6 0 4 1 4 6 2 4 5 1 0 0
3844 43 1 4 3 6 1 5 3 3 3 3 5 1 6 3 4 1 0 0 1 5 4 4 4 5 6 0 4 5 0 1 0 5 4 0 6 5 4 4 4 5 1 0 0
3874 43 3 3 6 4 0 5 1 3 6 2 4 4 6 1 4 0 5 3 0 0 4 4 4 5 0 5 2 0 6 5 1 4 5 4 5 0 2 2 5 5 1 0 0
3904 43 5 2 1 1 0 1 0 3 6 0 5 4 1 2 4 2 4 3 2 3 1 5 0 2 2 6 0 5 0 6 4 2 3 1 5 5 1 6 5 5 1 0 0
3946 43 5 1 1 3 2 6 6 0 1 3 0 2 2 6 0 0 0 2 0 6 5 0 1 6 4 3 3 4 2 4 1 0 6 2 0 3 6 6 6 5 1 0 0
4034 43 2 4 5 1 6 1 2 1 5 5 6 5 1 2 6 0 4 0 0 4 0 6 2 1 5 6 5 5 1 2 1 6 1 5 4 2 0 0 1 5 1 0 0
4059 43 6 4 4 0 0 5 0 0 0 4 0 1 6 4 0 2 1 1 2 2 6 2 0 0 3 1 2 4 2 0 2 1 4 4 5 3 0 3 1 5 1 0 0
4071 43 4 4 2 5 2 0 0 4 2 2 1 6 5 0 3 5 5 0 5 2 6 3 5 0 3 4 0 5 3 4 3 1 2 1 0 3 6 6 2 5 1 0 0
4093 43 5 1 4 6 6 4 3 0 3 6 1 4 3 4 0 5 4 4 5 3 0 4 6 1 1 1 3 2 3 6 2 3 1 2 4 1 3 2 2 5 1 0 0
4137 43 0 3 3 2 4 0 5 1 2 2 3 6 4 0 2 1 1 4 4 4 3 5 0 2 3 5 3 5 1 2 2 2 3 6 1 6 1 2 4 6 1 0 0
4155 43 4 2 1 2 1 5 3 4 3 3 1 4 5 2 6 4 2 1 0 6 3 4 2 2 4 0 3 6 6 2 2 1 6 6 5 1 0 4 4 6 1 0 0
4221 43 0 1 3 6 1 3 3 2 6 1 0 2 6 1 1 4 0 2 0 3 4 2 2 3 0 6 2 3 5 5 3 5 2 1 5 2 4 2 6 6 1 0 0
4226 43 5 6 5 5 3 3 4 0 3 2 4 1 6 0 3 5 6 4 1 5 3 3 4 2 0 5 6 4 2 3 4 5 4 0 0 0 2 2 6 6 1 0 0
4243 43 1 5 5 0 5 0 6 5 0 5 0 0 4 5 5 4 6 6 0 4 5 3 3 4 5 3 5 0 5 0 2 0 1 2 2 0 1 5 6 6 1 0 0
4252 43 3 1 4 0 0 6 5 3 4 2 6 6 1 6 0 2 3 1 5 5 5 6 4 4 2 4 5 4 4 0 2 3 6 2 4 1 4 6 6 6 1 0 0
4263 43 0 0 3 1 3 1 2 6 1 4 2 0 0 5 4 2 3 1 5 6 1 4 3 0 2 3 5 2 0 3 0 3 5 2 0 0 2 2 0 6 1 0 0
4273 43 3 4 1 5 4 0 4 5 3 4 6 3 4 3 5 3 4 2 6 6 5 3 3 4 6 1 3 2 4 4 3 6 2 6 1 2 6 3 0 6 1 0 0
4276 43 6 0 5 3 1 0 6 1 4 6 0 1 4 1 2 5 2 6 1 3 3 5 0 2 6 6 4 4 5 0 5 6 6 4 5 5 2 3 0 6 1 0 0
4335 43 2 5 5 0 5 2 0 3 3 5 5 5 3 3 0 2 5 0 5 5 2 0 0 1 6 1 6 6 3 2 0 6 6 0 2 3 6 6 1 6 1 0 0
4423 43 6 0 1 6 5 5 3 1 6 2 1 3 5 6 2 3 6 1 6 0 5 2 5 4 3 4 4 2 6 2 6 2 1 4 2 3 6 6 3 6 1 0 0
4438 43 0 4 3 0 2 2 6 4 0 6 1 1 3 3 6 3 5 5 6 1 6 3 6 5 1 1 0 6 6 4 5 4 0 5 6 1 3 2 3 6 1 0 0
4636 43 2 6 5 6 4 3 5 5 1 5 4 5 5 4 1 4 6 0 3 6 4 1 5 1 0 3 0 0 5 2 6 6 4 2 0 4 5 5 1 0 1 0 0
4680 43 4 0 3 2 4 1 3 4 6 0 2 4 6 2 2 1 3 4 0 0 2 2 4 6 2 1 6 5 3 2 2 4 5 4 0 4 5 5 2 0 1 0 0
4704 43 0 0 5 4 2 1 4 5 0 2 6 4 6 4 1 3 5 6 2 1 6 5 3 3 3 3 2 3 0 0 6 3 5 5 5 0 4 3 3 0 1 0 0
4740 43 1 6 2 3 0 3 0 0 3 2 5 5 5 1 6 1 3 4 0 1 5 0 3 2 2 0 6 3 6 5 0 4 4 4 3 3 3 1 3 0 1 0 0
4754 43 1 1 5 2 0 5 6 6 1 6 2 4 4 5 0 3 1 1 2 6 6 0 6 3 2 4 0 3 3 4 0 4 0 2 3 5 4 4 4 0 1 0 0
4755 43 2 2 4 6 6 5 2 0 6 2 0 1 4 2 6 6 5 0 5 5 3 3 5 0 2 1 5 6 1 5 3 4 6 6 2 6 5 4 4 0 1 0 0
4792 43 4 2 0 2 3 0 1 3 0 5 4 6 3 3 3 0 0 4 6 4 6 1 4 3 1 2 0 2 5 4 0 5 4 2 6 3 5 2 4 0 1 0 0
4813 43 4 5 4 1 2 1 3 1 5 3 1 2 0 1 3 5 5 1 2 5 2 0 5 6 5 1 1 4 2 3 2 2 6 3 6 3 3 2 5 2 2 0 0
4850 43 6 5 0 4 6 3 2 4 6 6 5 0 6 2 0 6 0 5 3 4 5 5 4 2 4 2 3 0 6 2 6 3 4 6 3 0 3 0 5 2 2 0 0
4981 43 4 1 3 1 4 3 0 3 3 0 4 5 6 6 1 0 4 1 4 4 1 2 5 5 0 6 6 3 5 6 6 0 1 0 1 5 3 1 1 2 2 0 0
4986 43 2 0 6 6 3 2 1 4 1 6 4 2 3 5 0 0 6 0 4 2 6 0 3 3 4 5 0 2 5 2 1 3 3 5 0 2 2 2 1 2 2 0 0
5102 43 6 6 0 2 4 5 3 0 4 3 3 2 5 5 4 1 4 6 5 1 1 3 3 5 2 5 0 1 4 4 2 5 1 5 1 2 5 0 4 2 2 0 0
5131 43 0 5 4 1 2 0 6 2 0 3 2 3 4 2 2 6 2 4 3 1 0 5 3 4 1 2 4 1 3 2 3 6 0 4 6 5 4 5 4 2 2 0 0
5302 43 3 4 1 1 1 5 1 6 2 6 5 5 4 0 1 0 2 3 0 0 6 4 3 1 5 1 0 6 2 2 3 3 3 2 4 6 3 4 2 3 2 0 0
5311 43 5 0 0 1 3 4 0 4 6 3 4 4 1 1 3 5 6 5 5 1 6 0 4 1 2 2 0 3 1 2 3 6 1 2 6 0 6 5 2 3 2 0 0
5337 43 3 2 6 3 0 0 1 0 0 3 6 2 3 0 0 2 3 2 2 1 1 3 4 3 4 1 6 3 3 6 1 4 3 4 3 1 1 2 2 3 2 0 0
5440 43 1 1 5 4 3 4 6 1 0 5 0 1 1 4 6 0 2 3 0 3 1 5 0 3 5 5 0 0 4 4 4 3 0 2 6 3 4 6 5 3 2 0 0
5484 43 3 2 2 6 4 5 5 0 2 6 0 4 4 5 0 0 0 4 0 5 3 0 2 5 1 6 6 1 4 1 2 0 5 4 0 6 5 5 5 3 2 0 0
5492 43 4 4 3 4 0 0 4 3 4 4 0 0 2 4 0 6 3 2 2 3 1 2 0 1 0 6 5 6 0 1 0 2 1 3 2 2 3 6 0 4 2 0 0
5536 43 6 5 0 6 1 1 3 2 6 5 0 3 5 5 1 6 1 3 2 5 3 4 2 3 3 0 4 0 0 5 5 6 6 5 3 5 4 5 0 4 2 0 0
5549 43 5 6 4 1 2 3 6 0 6 6 6 5 4 5 3 5 2 1 1 4 0 1 6 0 3 0 0 4 6 3 2 6 3 6 4 6 4 1 1 4 2 0 0
5579 43 0 6 0 4 6 5 5 3 0 2 3 3 3 6 0 6 4 5 2 3 3 6 5 3 2 1 2 0 3 2 6 0 1 2 1 3 4 6 1 4 2 0 0
5653 43 4 6 1 5 5 3 1 2 1 3 0 5 4 2 1 2 6 5 5 6 1 0 4 1 5 4 6 0 0 6 3 4 3 1 0 5 2 4 3 4 2 0 0
5727 43 1 0 2 4 2 3 5 4 0 1 2 2 4 1 6 0 5 6 3 6 2 6 2 2 6 3 0 1 2 5 3 3 2 6 4 2 2 2 4 4 2 0 0
5744 43 4 5 2 1 6 5 6 6 6 0 0 6 3 3 4 4 1 0 0 1 1 1 2 1 6 5 2 3 0 0 5 3 2 2 1 0 6 5 5 4 2 0 0
5938 43 2 3 1 5 5 6 0 3 1 1 4 1 5 2 3 0 0 6 6 3 4 1 5 2 5 5 3 6 0 1 1 5 3 4 6 6 4 1 3 5 2 0 0
5954 43 4 0 1 4 4 4 6 4 6 3 6 5 6 3 2 4 0 5 3 0 3 1 2 1 6 6 0 1 2 6 2 4 1 3 5 6 1 3 3 5 2 0 0
5997 43 5 0 0 3 5 2 1 2 6 2 6 0 0 4 4 5 0 3 4 2 4 6 2 2 1 0 1 3 2 5 2 2 3 1 6 5 0 3 4 5 2 0 0
6030 43 3 3 1 5 5 1 1 1 4 1 2 6 4 0 5 5 6 0 4 4 1 5 2 6 6 3 4 5 5 3 6 4 1 2 6 2 2 2 5 5 2 0 0
6106 43 2 6 0 5 0 1 4 5 6 5 0 4 4 0 1 2 6 6 1 2 3 3 5 1 0 3 1 5 3 4 5 3 5 1 1 1 4 0 6 5 2 0 0
6148 43 2 5 0 0 2 6 3 2 1 1 2 2 5 4 4 0 2 5 6 5 0 5 6 5 2 0 4 4 5 2 2 1 1 2 3 6 2 0 0 5 2 0 0
6211 43 2 0 3 0 3 0 6 0 6 1 0 6 0 6 2 2 4 1 4 0 0 1 1 3 5 3 2 4 6 6 5 6 5 3 3 0 0 2 2 6 2 0 0
6226 43 3 3 5 3 2 2 1 0 2 1 2 2 6 0 2 0 6 4 2 4 5 4 3 1 5 4 1 0 1 6 1 6 0 5 2 3 2 5 3 6 2 0 0
6381 43 4 5 1 2 2 6 1 4 3 5 4 6 4 2 5 0 3 2 2 3 3 1 3 6 6 6 3 6 3 0 6 5 1 1 2 1 1 2 6 6 2 0 0
6395 43 4 0 3 0 3 4 1 3 5 1 3 2 5 2 6 5 2 3 0 2 1 2 2 4 0 6 4 2 2 3 1 4 1 6 3 6 3 4 6 6 2 0 0
6400 43 2 6 6 5 2 3 2 4 3 0 3 6 2 1 5 5 4 2 0 0 6 0 0 2 4 5 5 1 2 6 3 0 3 4 2 3 2 5 6 6 2 0 0
6430 43 4 5 2 3 1 3 0 4 6 6 2 2 2 6 5 4 2 5 6 2 6 0 0 2 5 3 3 3 1 3 4 6 4 1 1 5 0 3 0 6 2 0 0
6464 43 3 2 1 1 1 5 4 4 6 0 5 2 1 2 5 3 6 5 5 4 4 3 2 0 4 6 4 4 4 6 6 0 5 6 1 6 4 1 0 6 2 0 0
6510 43 0 6 5 4 3 2 1 1 1 6 2 0 6 1 1 5 0 4 0 6 2 0 2 5 3 5 3 6 1 6 2 1 4 1 3 0 0 2 1 6 2 0 0
6665 43 1 1 2 5 3 2 4 4 5 0 3 5 5 5 1 2 0 4 0 1 2 6 5 3 6 3 2 2 5 1 1 6 2 0 2 1 2 6 6 0 2 0 0
6709 43 3 2 6 0 4 3 3 3 0 1 3 1 1 6 2 2 5 5 0 3 4 1 0 5 2 4 1 3 5 5 6 3 0 2 3 4 3 5 6 0 2 0 0
6750 43 2 0 0 5 0 1 6 6 4 1 0 2 2 6 6 4 4 5 2 0 4 0 2 5 4 4 6 6 2 2 0 1 4 6 6 1 0 5 0 0 2 0 0
6805 43 1 0 3 1 4 4 2 1 3 4 3 6 4 6 4 4 2 6 2 3 2 0 3 3 0 4 5 5 5 2 3 5 1 1 3 3 6 0 1 0 2 0 0
6807 43 3 2 1 2 2 4 1 3 6 3 6 0 4 0 2 3 3 4 1 1 3 6 1 4 0 5 1 4 1 4 2 5 6 2 1 5 1 0 1 0 2 0 0
6831 43 6 1 2 5 3 5 2 1 6 0 0 2 0 2 4 6 2 2 4 6 1 5 4 2 4 0 0 4 2 4 5 1 6 4 2 2 6 4 2 0 2 0 0
6832 43 0 3 2 1 6 4 5 5 5 1 1 4 4 6 0 1 2 5 6 1 4 5 6 5 1 4 2 5 3 3 2 4 5 0 5 2 1 5 2 0 2 0 0
6897 43 2 0 3 2 5 5 0 5 6 0 2 2 6 2 3 2 5 6 3 1 5 0 6 4 4 1 3 4 0 2 4 2 0 2 3 5 1 0 4 1 2 0 0
7011 43 4 4 6 4 1 1 3 6 6 5 5 1 1 1 2 4 2 0 5 2 6 4 1 5 2 0 0 4 3 2 6 4 0 1 6 3 2 5 0 1 2 0 0
7022 43 1 3 4 4 5 6 1 2 0 6 3 6 2 3 6 0 3 4 1 4 6 3 3 5 3 2 0 5 1 2 6 3 3 1 3 5 1 0 0 1 2 0 0
7044 43 2 0 6 5 2 3 4 5 1 3 3 4 0 0 3 0 2 1 1 5 0 4 4 6 1 6 3 2 1 4 5 5 2 2 0 3 5 3 0 1 2 0 0
7138 43 5 2 4 6 0 5 4 5 0 2 4 3 6 6 3 4 2 0 5 4 5 0 6 4 2 5 0 0 2 1 2 4 5 1 5 1 5 4 2 1 2 0 0
7146 43 6 4 4 2 3 4 0 2 6 3 5 5 3 3 6 6 2 3 0 6 1 0 1 0 6 2 2 1 3 0 6 0 4 4 1 1 0 5 2 1 2 0 0
7160 43 6 6 0 1 3 6 6 1 4 0 2 4 2 0 0 1 0 0 2 4 2 0 4 1 6 6 3 1 0 6 6 0 0 2 1 3 1 1 3 1 2 0 0
7161 43 0 1 0 4 6 5 2 5 3 1 3 6 6 4 3 3 0 3 4 6 5 0 6 4 3 3 5 2 1 5 3 3 6 5 4 3 3 2 3 1 2 0 0
7193 43 4 2 0 2 4 1 0 0 6 5 0 0 1 6 1 4 0 1 5 0 3 0 0 2 5 5 6 6 5 1 5 1 2 3 2 3 4 6 3 1 2 0 0
7218 43 1 3 1 2 3 1 0 5 4 6 6 3 2 6 1 6 3 5 5 0 0 1 0 6 6 6 3 4 4 2 6 1 0 5 2 6 0 0 4 3 3 0 0
7235 43 4 1 0 5 1 6 2 0 0 4 6 4 3 4 6 6 0 3 5 3 3 4 3 2 0 4 5 2 4 1 3 0 4 1 0 0 5 2 4 3 3 0 0
7250 43 5 4 1 0 1 4 5 0 0 3 3 4 4 1 6 0 3 3 6 1 5 1 1 4 1 1 4 1 1 5 1 6 3 3 0 6 1 4 4 3 3 0 0
7275 43 2 5 2 6 5 4 2 2 6 1 5 1 4 0 4 5 2 4 4 1 6 0 6 5 2 0 5 2 3 4 1 5 2 1 4 3 1 2 5 3 3 0 0
7320 43 5 0 6 6 4 2 3 2 2 6 1 4 5 2 4 5 3 0 4 1 1 4 4 0 4 2 2 3 6 5 0 3 2 0 3 4 2 2 6 3 3 0 0
