RUNE_direct
TAG0
100.0
mm
129
17.8
3
1.3
-1
24
1 1.0 0.0 -66.66666666666666 0.0 1.0 -0.0 -66.66666666666666 -0.0 4430.417034886166
0
0
1 1.0 0.0 -65.95622453834068 0.0 1.0 -9.70674451566699 -65.95622453834068 -9.70674451566699 4430.417034886167
1 1.0 0.0 -82.44528067292586 0.0 1.0 -12.13343064458374 -82.44528067292586 -12.13343064458374 6922.526617009638
1 1.0 0.0 -98.93433680751103 0.0 1.0 -14.560116773500486 -98.93433680751103 -14.560116773500486 9968.43832849388
0
0
1 1.0 0.0 -95.7600599908406 0.0 1.0 -28.80990993652376 -95.7600599908406 -28.80990993652376 9968.43832849388
0
1 1.0 0.0 -75.45401979109555 0.0 1.0 -35.37139157298459 -75.45401979109555 -35.37139157298459 6922.526617009636
1 1.0 0.0 -90.54482374931466 0.0 1.0 -42.4456698875815 -90.54482374931466 -42.4456698875815 9968.438328493878
0
1 1.0 0.0 -69.49981815748984 0.0 1.0 -45.98064506420382 -69.49981815748984 -45.98064506420382 6922.526617009637
1 1.0 0.0 -83.3997817889878 0.0 1.0 -55.17677407704459 -83.3997817889878 -55.17677407704459 9968.438328493878
1 1.0 0.0 -49.65147884958546 0.0 1.0 -44.48792074814929 -49.65147884958546 -44.48792074814929 4430.417034886167
0
1 1.0 0.0 -74.47721827437819 0.0 1.0 -66.73188112222394 -74.47721827437819 -66.73188112222394 9968.438328493878
0
1 1.0 0.0 -53.30608512990761 0.0 1.0 -64.05392831487767 -53.30608512990761 -64.05392831487767 6922.526617009636
1 1.0 0.0 -63.96730215588913 0.0 1.0 -76.8647139778532 -63.96730215588913 -76.8647139778532 9968.438328493878
1 1.0 0.0 -34.72935603252868 0.0 1.0 -56.906205935823095 -34.72935603252868 -56.906205935823095 4430.417034886166
1 1.0 0.0 -43.41169504066086 0.0 1.0 -71.13275741977887 -43.41169504066086 -71.13275741977887 6922.526617009637
0
1 1.0 0.0 -26.073648032677067 0.0 1.0 -61.35641223794396 -26.073648032677067 -61.35641223794396 4430.417034886166
0
1 1.0 0.0 -39.1104720490156 0.0 1.0 -92.03461835691594 -39.1104720490156 -92.03461835691594 9968.438328493878
1 1.0 0.0 -16.86222549277871 0.0 1.0 -64.49891313716168 -16.86222549277871 -64.49891313716168 4430.417034886166
0
0
1 1.0 0.0 -7.291413891858286 0.0 1.0 -66.26673168266306 -7.291413891858286 -66.26673168266306 4430.417034886167
0
0
1 1.0 0.0 2.434801537177263 0.0 1.0 -66.6221898913493 2.434801537177263 -66.6221898913493 4430.417034886167
1 1.0 0.0 3.043501921471579 0.0 1.0 -83.27773736418662 3.043501921471579 -83.27773736418662 6922.526617009638
1 1.0 0.0 3.6522023057658948 0.0 1.0 -99.93328483702393 3.6522023057658948 -99.93328483702393 9968.438328493876
1 1.0 0.0 12.109123398629091 0.0 1.0 -65.55771178863108 12.109123398629091 -65.55771178863108 4430.417034886168
1 1.0 0.0 15.136404248286365 0.0 1.0 -81.94713973578885 15.136404248286365 -81.94713973578885 6922.526617009637
0
1 1.0 0.0 21.52536031809641 0.0 1.0 -63.09598487717396 21.52536031809641 -63.09598487717396 4430.417034886168
1 1.0 0.0 26.90670039762052 0.0 1.0 -78.86998109646746 26.90670039762052 -78.86998109646746 6922.526617009638
0
0
1 1.0 0.0 38.10352694205321 0.0 1.0 -74.11184574020992 38.10352694205321 -74.11184574020992 6922.526617009637
1 1.0 0.0 45.72423233046385 0.0 1.0 -88.9342148882519 45.72423233046385 -88.9342148882519 9968.43832849388
1 1.0 0.0 38.790594370530194 0.0 1.0 -54.21931604903768 38.790594370530194 -54.21931604903768 4430.417034886166
1 1.0 0.0 48.488242963162755 0.0 1.0 -67.7741450612971 48.488242963162755 -67.7741450612971 6922.526617009637
1 1.0 0.0 58.1858915557953 0.0 1.0 -81.32897407355652 58.1858915557953 -81.32897407355652 9968.438328493878
0
0
1 1.0 0.0 69.40741952206339 0.0 1.0 -71.99034737579957 69.40741952206339 -71.99034737579957 9968.438328493876
0
1 1.0 0.0 65.95804070243784 0.0 1.0 -50.93114284148746 65.95804070243784 -50.93114284148746 6922.526617009638
1 1.0 0.0 79.1496488429254 0.0 1.0 -61.11737140978494 79.1496488429254 -61.11737140978494 9968.438328493878
1 1.0 0.0 58.136627209587175 0.0 1.0 -32.62785652073903 58.136627209587175 -32.62785652073903 4430.417034886167
1 1.0 0.0 72.67078401198398 0.0 1.0 -40.784820650923784 72.67078401198398 -40.784820650923784 6922.526617009638
1 1.0 0.0 87.20494081438078 0.0 1.0 -48.941784781108545 87.20494081438078 -48.941784781108545 9968.438328493881
1 1.0 0.0 62.267740582169864 0.0 1.0 -23.815392653408857 62.267740582169864 -23.815392653408857 4430.417034886167
1 1.0 0.0 77.83467572771234 0.0 1.0 -29.769240816761073 77.83467572771234 -29.769240816761073 6922.526617009637
1 1.0 0.0 93.4016108732548 0.0 1.0 -35.72308898011329 93.4016108732548 -35.72308898011329 9968.438328493878
0
1 1.0 0.0 81.33965646299394 0.0 1.0 -18.11918129846307 81.33965646299394 -18.11918129846307 6922.526617009638
1 1.0 0.0 97.60758775559272 0.0 1.0 -21.74301755815568 97.60758775559272 -21.74301755815568 9968.438328493878
0
0
1 1.0 0.0 99.73322836635516 0.0 1.0 -7.299531466090755 99.73322836635516 -7.299531466090755 9968.438328493876
1 1.0 0.0 66.48881891090343 0.0 1.0 4.866354310727184 66.48881891090343 4.866354310727184 4430.417034886166
1 1.0 0.0 83.1110236386293 0.0 1.0 6.082942888408979 83.1110236386293 6.082942888408979 6922.526617009637
1 1.0 0.0 99.73322836635516 0.0 1.0 7.299531466090775 99.73322836635516 7.299531466090775 9968.438328493876
0
1 1.0 0.0 81.33965646299394 0.0 1.0 18.119181298463083 81.33965646299394 18.119181298463083 6922.526617009638
1 1.0 0.0 97.60758775559272 0.0 1.0 21.7430175581557 97.60758775559272 21.7430175581557 9968.438328493878
1 1.0 0.0 62.267740582169864 0.0 1.0 23.815392653408843 62.267740582169864 23.815392653408843 4430.417034886166
1 1.0 0.0 77.83467572771234 0.0 1.0 29.769240816761055 77.83467572771234 29.769240816761055 6922.5266170096365
0
1 1.0 0.0 58.13662720958717 0.0 1.0 32.62785652073904 58.13662720958717 32.62785652073904 4430.417034886167
1 1.0 0.0 72.67078401198397 0.0 1.0 40.784820650923805 72.67078401198397 40.784820650923805 6922.526617009638
0
1 1.0 0.0 52.766432561950275 0.0 1.0 40.74491427318995 52.766432561950275 40.74491427318995 4430.417034886167
1 1.0 0.0 65.95804070243784 0.0 1.0 50.93114284148744 65.95804070243784 50.93114284148744 6922.526617009637
1 1.0 0.0 79.14964884292542 0.0 1.0 61.11737140978492 79.14964884292542 61.11737140978492 9968.438328493878
1 1.0 0.0 46.27161301470891 0.0 1.0 47.99356491719973 46.27161301470891 47.99356491719973 4430.417034886166
0
0
1 1.0 0.0 38.790594370530194 0.0 1.0 54.219316049037694 38.790594370530194 54.219316049037694 4430.417034886168
0
0
1 1.0 0.0 30.48282155364258 0.0 1.0 59.28947659216792 30.48282155364258 59.28947659216792 4430.417034886167
0
1 1.0 0.0 45.72423233046387 0.0 1.0 88.93421488825189 45.72423233046387 88.93421488825189 9968.43832849388
1 1.0 0.0 21.525360318096382 0.0 1.0 63.09598487717396 21.525360318096382 63.09598487717396 4430.417034886166
1 1.0 0.0 26.90670039762048 0.0 1.0 78.86998109646747 26.90670039762048 78.86998109646747 6922.526617009638
0
0
1 1.0 0.0 15.136404248286347 0.0 1.0 81.94713973578885 15.136404248286347 81.94713973578885 6922.5266170096365
1 1.0 0.0 18.163685097943617 0.0 1.0 98.33656768294662 18.163685097943617 98.33656768294662 9968.438328493878
1 1.0 0.0 2.4348015371772496 0.0 1.0 66.6221898913493 2.4348015371772496 66.6221898913493 4430.417034886167
0
1 1.0 0.0 3.652202305765875 0.0 1.0 99.93328483702393 3.652202305765875 99.93328483702393 9968.438328493876
0
1 1.0 0.0 -9.114267364822858 0.0 1.0 82.83341460332882 -9.114267364822858 82.83341460332882 6922.526617009636
1 1.0 0.0 -10.937120837787429 0.0 1.0 99.40009752399459 -10.937120837787429 99.40009752399459 9968.438328493876
0
1 1.0 0.0 -21.07778186597337 0.0 1.0 80.6236414214521 -21.07778186597337 80.6236414214521 6922.5266170096365
1 1.0 0.0 -25.293338239168044 0.0 1.0 96.74836970574253 -25.293338239168044 96.74836970574253 9968.438328493878
0
0
1 1.0 0.0 -39.11047204901564 0.0 1.0 92.03461835691593 -39.11047204901564 92.03461835691593 9968.438328493878
1 1.0 0.0 -34.7293560325287 0.0 1.0 56.90620593582308 -34.7293560325287 56.90620593582308 4430.417034886166
1 1.0 0.0 -43.411695040660874 0.0 1.0 71.13275741977886 -43.411695040660874 71.13275741977886 6922.526617009636
1 1.0 0.0 -52.09403404879305 0.0 1.0 85.35930890373463 -52.09403404879305 85.35930890373463 9968.438328493878
1 1.0 0.0 -42.64486810392608 0.0 1.0 51.24314265190213 -42.64486810392608 51.24314265190213 4430.417034886166
0
0
0
0
1 1.0 0.0 -74.47721827437817 0.0 1.0 66.73188112222395 -74.47721827437817 66.73188112222395 9968.438328493878
0
0
1 1.0 0.0 -83.39978178898782 0.0 1.0 55.17677407704454 -83.39978178898782 55.17677407704454 9968.438328493878
0
0
1 1.0 0.0 -90.54482374931467 0.0 1.0 42.44566988758148 -90.54482374931467 42.44566988758148 9968.438328493878
0
0
1 1.0 0.0 -95.7600599908406 0.0 1.0 28.80990993652374 -95.7600599908406 28.80990993652374 9968.438328493878
0
0
1 1.0 0.0 -98.93433680751102 0.0 1.0 14.560116773500493 -98.93433680751102 14.560116773500493 9968.438328493876
