RUNE_direct
TAG1
5.0
mm
129
17.8
3
1.3
-1
26
1 1.0 0.0 -3.333333333333333 0.0 1.0 -0.0 -3.333333333333333 -0.0 11.076042587215417
1 1.0 0.0 -4.166666666666667 0.0 1.0 -0.0 -4.166666666666667 -0.0 17.306316542524094
0
0
1 1.0 0.0 -4.122264033646293 0.0 1.0 -0.606671532229187 -4.122264033646293 -0.606671532229187 17.306316542524097
0
1 1.0 0.0 -3.1920019996946865 0.0 1.0 -0.9603303312174585 -3.1920019996946865 -0.9603303312174585 11.076042587215419
1 1.0 0.0 -3.990002499618358 0.0 1.0 -1.2004129140218234 -3.990002499618358 -1.2004129140218234 17.30631654252409
0
1 1.0 0.0 -3.018160791643822 0.0 1.0 -1.4148556629193834 -3.018160791643822 -1.4148556629193834 11.076042587215419
0
0
0
0
1 1.0 0.0 -4.169989089449389 0.0 1.0 -2.7588387038522293 -4.169989089449389 -2.7588387038522293 24.92109582123469
1 1.0 0.0 -2.4825739424792728 0.0 1.0 -2.2243960374074647 -2.4825739424792728 -2.2243960374074647 11.076042587215419
0
1 1.0 0.0 -3.7238609137189096 0.0 1.0 -3.3365940561111973 -3.7238609137189096 -3.3365940561111973 24.921095821234697
0
1 1.0 0.0 -2.6653042564953804 0.0 1.0 -3.2026964157438838 -2.6653042564953804 -3.2026964157438838 17.30631654252409
0
0
0
1 1.0 0.0 -2.6047017024396513 0.0 1.0 -4.267965445186732 -2.6047017024396513 -4.267965445186732 24.921095821234694
0
0
1 1.0 0.0 -1.9555236024507798 0.0 1.0 -4.6017309178457975 -1.9555236024507798 -4.6017309178457975 24.921095821234694
0
1 1.0 0.0 -1.0538890932986695 0.0 1.0 -4.031182071072605 -1.0538890932986695 -4.031182071072605 17.306316542524087
1 1.0 0.0 -1.2646669119584033 0.0 1.0 -4.8374184852871265 -1.2646669119584033 -4.8374184852871265 24.921095821234697
1 1.0 0.0 -0.36457069459291436 0.0 1.0 -3.313336584133153 -0.36457069459291436 -3.313336584133153 11.076042587215419
1 1.0 0.0 -0.45571336824114295 0.0 1.0 -4.1416707301664415 -0.45571336824114295 -4.1416707301664415 17.30631654252409
1 1.0 0.0 -0.5468560418893715 0.0 1.0 -4.970004876199729 -0.5468560418893715 -4.970004876199729 24.921095821234687
0
0
1 1.0 0.0 0.18261011528829474 0.0 1.0 -4.996664241851197 0.18261011528829474 -4.996664241851197 24.921095821234694
1 1.0 0.0 0.6054561699314545 0.0 1.0 -3.2778855894315537 0.6054561699314545 -3.2778855894315537 11.076042587215419
1 1.0 0.0 0.7568202124143182 0.0 1.0 -4.097356986789443 0.7568202124143182 -4.097356986789443 17.306316542524094
0
1 1.0 0.0 1.0762680159048206 0.0 1.0 -3.1547992438586983 1.0762680159048206 -3.1547992438586983 11.076042587215422
1 1.0 0.0 1.345335019881026 0.0 1.0 -3.9434990548233726 1.345335019881026 -3.9434990548233726 17.306316542524094
1 1.0 0.0 1.614402023857231 0.0 1.0 -4.732198865788047 1.614402023857231 -4.732198865788047 24.921095821234694
0
0
1 1.0 0.0 2.2862116165231923 0.0 1.0 -4.446710744412595 2.2862116165231923 -4.446710744412595 24.9210958212347
1 1.0 0.0 1.9395297185265097 0.0 1.0 -2.710965802451884 1.9395297185265097 -2.710965802451884 11.076042587215417
1 1.0 0.0 2.4244121481581375 0.0 1.0 -3.3887072530648554 2.4244121481581375 -3.3887072530648554 17.306316542524094
0
0
1 1.0 0.0 2.8919758134193083 0.0 1.0 -2.9995978073249825 2.8919758134193083 -2.9995978073249825 17.306316542524094
0
0
0
1 1.0 0.0 3.95748244214627 0.0 1.0 -3.0558685704892468 3.95748244214627 -3.0558685704892468 24.92109582123469
1 1.0 0.0 2.9068313604793588 0.0 1.0 -1.6313928260369515 2.9068313604793588 -1.6313928260369515 11.076042587215419
1 1.0 0.0 3.633539200599199 0.0 1.0 -2.0392410325461894 3.633539200599199 -2.0392410325461894 17.306316542524094
0
1 1.0 0.0 3.113387029108493 0.0 1.0 -1.190769632670443 3.113387029108493 -1.190769632670443 11.076042587215417
0
1 1.0 0.0 4.670080543662739 0.0 1.0 -1.7861544490056644 4.670080543662739 -1.7861544490056644 24.92109582123469
1 1.0 0.0 3.253586258519757 0.0 1.0 -0.7247672519385226 3.253586258519757 -0.7247672519385226 11.076042587215417
0
0
1 1.0 0.0 3.324440945545172 0.0 1.0 -0.2433177155363585 3.324440945545172 -0.2433177155363585 11.076042587215417
1 1.0 0.0 4.155551181931465 0.0 1.0 -0.30414714442044816 4.155551181931465 -0.30414714442044816 17.306316542524094
1 1.0 0.0 4.986661418317758 0.0 1.0 -0.3649765733045378 4.986661418317758 -0.3649765733045378 24.92109582123469
1 1.0 0.0 3.324440945545172 0.0 1.0 0.24331771553635917 3.324440945545172 0.24331771553635917 11.076042587215417
0
1 1.0 0.0 4.986661418317758 0.0 1.0 0.36497657330453875 4.986661418317758 0.36497657330453875 24.92109582123469
1 1.0 0.0 3.253586258519757 0.0 1.0 0.7247672519385233 3.253586258519757 0.7247672519385233 11.076042587215417
0
0
1 1.0 0.0 3.113387029108493 0.0 1.0 1.1907696326704422 3.113387029108493 1.1907696326704422 11.076042587215415
1 1.0 0.0 3.8917337863856174 0.0 1.0 1.4884620408380527 3.8917337863856174 1.4884620408380527 17.306316542524094
0
1 1.0 0.0 2.9068313604793583 0.0 1.0 1.6313928260369521 2.9068313604793583 1.6313928260369521 11.076042587215419
1 1.0 0.0 3.6335392005991984 0.0 1.0 2.0392410325461903 3.6335392005991984 2.0392410325461903 17.306316542524094
1 1.0 0.0 4.360247040719038 0.0 1.0 2.447089239055428 4.360247040719038 2.447089239055428 24.921095821234697
0
1 1.0 0.0 3.2979020351218926 0.0 1.0 2.5465571420743722 3.2979020351218926 2.5465571420743722 17.306316542524094
1 1.0 0.0 3.9574824421462704 0.0 1.0 3.0558685704892463 3.9574824421462704 3.0558685704892463 24.921095821234694
0
1 1.0 0.0 2.8919758134193074 0.0 1.0 2.999597807324983 2.8919758134193074 2.999597807324983 17.30631654252409
1 1.0 0.0 3.470370976103169 0.0 1.0 3.5995173687899795 3.470370976103169 3.5995173687899795 24.921095821234694
1 1.0 0.0 1.9395297185265095 0.0 1.0 2.7109658024518843 1.9395297185265095 2.7109658024518843 11.076042587215419
1 1.0 0.0 2.424412148158137 0.0 1.0 3.388707253064856 2.424412148158137 3.388707253064856 17.306316542524094
1 1.0 0.0 2.9092945777897645 0.0 1.0 4.0664487036778265 2.9092945777897645 4.0664487036778265 24.921095821234694
1 1.0 0.0 1.524141077682129 0.0 1.0 2.964473829608396 1.524141077682129 2.964473829608396 11.076042587215419
1 1.0 0.0 1.9051763471026615 0.0 1.0 3.705592287010495 1.9051763471026615 3.705592287010495 17.306316542524094
1 1.0 0.0 2.2862116165231936 0.0 1.0 4.446710744412594 2.2862116165231936 4.446710744412594 24.921095821234694
1 1.0 0.0 1.076268015904819 0.0 1.0 3.1547992438586983 1.076268015904819 3.1547992438586983 11.076042587215419
0
1 1.0 0.0 1.6144020238572288 0.0 1.0 4.732198865788048 1.6144020238572288 4.732198865788048 24.921095821234697
0
1 1.0 0.0 0.7568202124143174 0.0 1.0 4.097356986789443 0.7568202124143174 4.097356986789443 17.30631654252409
1 1.0 0.0 0.9081842548971808 0.0 1.0 4.916828384147331 0.9081842548971808 4.916828384147331 24.921095821234694
0
1 1.0 0.0 0.15217509607357813 0.0 1.0 4.163886868209331 0.15217509607357813 4.163886868209331 17.30631654252409
1 1.0 0.0 0.18261011528829374 0.0 1.0 4.996664241851197 0.18261011528829374 4.996664241851197 24.921095821234694
1 1.0 0.0 -0.36457069459291425 0.0 1.0 3.313336584133153 -0.36457069459291425 3.313336584133153 11.076042587215419
0
0
0
0
1 1.0 0.0 -1.2646669119584022 0.0 1.0 4.8374184852871265 -1.2646669119584022 4.8374184852871265 24.921095821234694
0
1 1.0 0.0 -1.6296030020423182 0.0 1.0 3.8347757648714973 -1.6296030020423182 3.8347757648714973 17.306316542524094
1 1.0 0.0 -1.9555236024507818 0.0 1.0 4.601730917845797 -1.9555236024507818 4.601730917845797 24.921095821234697
0
1 1.0 0.0 -2.1705847520330437 0.0 1.0 3.556637870988943 -2.1705847520330437 3.556637870988943 17.30631654252409
0
1 1.0 0.0 -2.132243405196304 0.0 1.0 2.5621571325951065 -2.132243405196304 2.5621571325951065 11.076042587215415
0
0
0
0
1 1.0 0.0 -3.7238609137189087 0.0 1.0 3.3365940561111977 -3.7238609137189087 3.3365940561111977 24.921095821234694
0
0
1 1.0 0.0 -4.169989089449391 0.0 1.0 2.758838703852227 -4.169989089449391 2.758838703852227 24.921095821234694
0
0
1 1.0 0.0 -4.527241187465734 0.0 1.0 2.122283494379074 -4.527241187465734 2.122283494379074 24.921095821234694
0
0
1 1.0 0.0 -4.78800299954203 0.0 1.0 1.4404954968261872 -4.78800299954203 1.4404954968261872 24.921095821234694
0
0
1 1.0 0.0 -4.946716840375551 0.0 1.0 0.7280058386750246 -4.946716840375551 0.7280058386750246 24.92109582123469
