RUNE_direct
TAG2
5.0
mm
129
17.8
3
1.3
-1
180
1 1.0 0.0 -3.333333333333333 0.0 1.0 -0.0 -3.333333333333333 -0.0 11.076042587215417
1 1.0 0.0 -4.166666666666667 0.0 1.0 -0.0 -4.166666666666667 -0.0 17.306316542524094
0
0
1 1.0 0.0 -4.122264033646293 0.0 1.0 -0.606671532229187 -4.122264033646293 -0.606671532229187 17.306316542524097
1 1.0 0.0 -4.946716840375551 0.0 1.0 -0.7280058386750243 -4.946716840375551 -0.7280058386750243 24.92109582123469
0
1 1.0 0.0 -3.990002499618358 0.0 1.0 -1.2004129140218234 -3.990002499618358 -1.2004129140218234 17.30631654252409
1 1.0 0.0 -4.78800299954203 0.0 1.0 -1.440495496826188 -4.78800299954203 -1.440495496826188 24.921095821234697
1 1.0 0.0 -3.018160791643822 0.0 1.0 -1.4148556629193834 -3.018160791643822 -1.4148556629193834 11.076042587215419
1 1.0 0.0 -3.7727009895547776 0.0 1.0 -1.7685695786492295 -3.7727009895547776 -1.7685695786492295 17.30631654252409
0
0
1 1.0 0.0 -3.4749909078744916 0.0 1.0 -2.299032253210191 -3.4749909078744916 -2.299032253210191 17.30631654252409
0
0
1 1.0 0.0 -3.1032174280990916 0.0 1.0 -2.7804950467593317 -3.1032174280990916 -2.7804950467593317 17.3063165425241
0
1 1.0 0.0 -2.132243405196304 0.0 1.0 -2.5621571325951065 -2.132243405196304 -2.5621571325951065 11.076042587215415
1 1.0 0.0 -2.6653042564953804 0.0 1.0 -3.2026964157438838 -2.6653042564953804 -3.2026964157438838 17.30631654252409
0
1 1.0 0.0 -1.7364678016264339 0.0 1.0 -2.8453102967911548 -1.7364678016264339 -2.8453102967911548 11.076042587215417
0
0
1 1.0 0.0 -1.3036824016338533 0.0 1.0 -3.067820611897198 -1.3036824016338533 -3.067820611897198 11.076042587215417
0
0
1 1.0 0.0 -0.8431112746389355 0.0 1.0 -3.2249456568580843 -0.8431112746389355 -3.2249456568580843 11.076042587215419
0
0
1 1.0 0.0 -0.36457069459291436 0.0 1.0 -3.313336584133153 -0.36457069459291436 -3.313336584133153 11.076042587215419
0
0
0
0
1 1.0 0.0 0.18261011528829474 0.0 1.0 -4.996664241851197 0.18261011528829474 -4.996664241851197 24.921095821234694
1 1.0 0.0 0.6054561699314545 0.0 1.0 -3.2778855894315537 0.6054561699314545 -3.2778855894315537 11.076042587215419
0
0
1 1.0 0.0 1.0762680159048206 0.0 1.0 -3.1547992438586983 1.0762680159048206 -3.1547992438586983 11.076042587215422
0
1 1.0 0.0 1.614402023857231 0.0 1.0 -4.732198865788047 1.614402023857231 -4.732198865788047 24.921095821234694
1 1.0 0.0 1.5241410776821283 0.0 1.0 -2.964473829608396 1.5241410776821283 -2.964473829608396 11.076042587215419
0
1 1.0 0.0 2.2862116165231923 0.0 1.0 -4.446710744412595 2.2862116165231923 -4.446710744412595 24.9210958212347
0
1 1.0 0.0 2.4244121481581375 0.0 1.0 -3.3887072530648554 2.4244121481581375 -3.3887072530648554 17.306316542524094
1 1.0 0.0 2.909294577789765 0.0 1.0 -4.0664487036778265 2.909294577789765 -4.0664487036778265 24.921095821234697
0
1 1.0 0.0 2.8919758134193083 0.0 1.0 -2.9995978073249825 2.8919758134193083 -2.9995978073249825 17.306316542524094
0
1 1.0 0.0 2.638321628097513 0.0 1.0 -2.037245713659498 2.638321628097513 -2.037245713659498 11.076042587215417
1 1.0 0.0 3.2979020351218917 0.0 1.0 -2.5465571420743727 3.2979020351218917 -2.5465571420743727 17.30631654252409
1 1.0 0.0 3.95748244214627 0.0 1.0 -3.0558685704892468 3.95748244214627 -3.0558685704892468 24.92109582123469
0
1 1.0 0.0 3.633539200599199 0.0 1.0 -2.0392410325461894 3.633539200599199 -2.0392410325461894 17.306316542524094
1 1.0 0.0 4.360247040719038 0.0 1.0 -2.447089239055427 4.360247040719038 -2.447089239055427 24.921095821234694
1 1.0 0.0 3.113387029108493 0.0 1.0 -1.190769632670443 3.113387029108493 -1.190769632670443 11.076042587215417
0
1 1.0 0.0 4.670080543662739 0.0 1.0 -1.7861544490056644 4.670080543662739 -1.7861544490056644 24.92109582123469
1 1.0 0.0 3.253586258519757 0.0 1.0 -0.7247672519385226 3.253586258519757 -0.7247672519385226 11.076042587215417
0
1 1.0 0.0 4.8803793877796355 0.0 1.0 -1.087150877907784 4.8803793877796355 -1.087150877907784 24.92109582123469
0
0
1 1.0 0.0 4.986661418317758 0.0 1.0 -0.3649765733045378 4.986661418317758 -0.3649765733045378 24.92109582123469
1 1.0 0.0 3.324440945545172 0.0 1.0 0.24331771553635917 3.324440945545172 0.24331771553635917 11.076042587215417
1 1.0 0.0 4.155551181931465 0.0 1.0 0.304147144420449 4.155551181931465 0.304147144420449 17.306316542524094
0
1 1.0 0.0 3.253586258519757 0.0 1.0 0.7247672519385233 3.253586258519757 0.7247672519385233 11.076042587215417
0
1 1.0 0.0 4.8803793877796355 0.0 1.0 1.087150877907785 4.8803793877796355 1.087150877907785 24.921095821234694
1 1.0 0.0 3.113387029108493 0.0 1.0 1.1907696326704422 3.113387029108493 1.1907696326704422 11.076042587215415
1 1.0 0.0 3.8917337863856174 0.0 1.0 1.4884620408380527 3.8917337863856174 1.4884620408380527 17.306316542524094
1 1.0 0.0 4.67008054366274 0.0 1.0 1.7861544490056633 4.67008054366274 1.7861544490056633 24.921095821234694
1 1.0 0.0 2.9068313604793583 0.0 1.0 1.6313928260369521 2.9068313604793583 1.6313928260369521 11.076042587215419
0
1 1.0 0.0 4.360247040719038 0.0 1.0 2.447089239055428 4.360247040719038 2.447089239055428 24.921095821234697
1 1.0 0.0 2.6383216280975135 0.0 1.0 2.0372457136594972 2.6383216280975135 2.0372457136594972 11.076042587215415
1 1.0 0.0 3.2979020351218926 0.0 1.0 2.5465571420743722 3.2979020351218926 2.5465571420743722 17.306316542524094
1 1.0 0.0 3.9574824421462704 0.0 1.0 3.0558685704892463 3.9574824421462704 3.0558685704892463 24.921095821234694
1 1.0 0.0 2.3135806507354455 0.0 1.0 2.3996782458599863 2.3135806507354455 2.3996782458599863 11.076042587215417
1 1.0 0.0 2.8919758134193074 0.0 1.0 2.999597807324983 2.8919758134193074 2.999597807324983 17.30631654252409
0
1 1.0 0.0 1.9395297185265095 0.0 1.0 2.7109658024518843 1.9395297185265095 2.7109658024518843 11.076042587215419
0
0
1 1.0 0.0 1.524141077682129 0.0 1.0 2.964473829608396 1.524141077682129 2.964473829608396 11.076042587215419
1 1.0 0.0 1.9051763471026615 0.0 1.0 3.705592287010495 1.9051763471026615 3.705592287010495 17.306316542524094
1 1.0 0.0 2.2862116165231936 0.0 1.0 4.446710744412594 2.2862116165231936 4.446710744412594 24.921095821234694
1 1.0 0.0 1.076268015904819 0.0 1.0 3.1547992438586983 1.076268015904819 3.1547992438586983 11.076042587215419
1 1.0 0.0 1.345335019881024 0.0 1.0 3.9434990548233735 1.345335019881024 3.9434990548233735 17.306316542524094
1 1.0 0.0 1.6144020238572288 0.0 1.0 4.732198865788048 1.6144020238572288 4.732198865788048 24.921095821234697
0
1 1.0 0.0 0.7568202124143174 0.0 1.0 4.097356986789443 0.7568202124143174 4.097356986789443 17.30631654252409
0
1 1.0 0.0 0.12174007685886248 0.0 1.0 3.331109494567465 0.12174007685886248 3.331109494567465 11.07604258721542
0
1 1.0 0.0 0.18261011528829374 0.0 1.0 4.996664241851197 0.18261011528829374 4.996664241851197 24.921095821234694
0
1 1.0 0.0 -0.4557133682411429 0.0 1.0 4.1416707301664415 -0.4557133682411429 4.1416707301664415 17.30631654252409
1 1.0 0.0 -0.5468560418893714 0.0 1.0 4.970004876199729 -0.5468560418893714 4.970004876199729 24.921095821234687
0
1 1.0 0.0 -1.0538890932986686 0.0 1.0 4.031182071072605 -1.0538890932986686 4.031182071072605 17.306316542524083
0
1 1.0 0.0 -1.3036824016338544 0.0 1.0 3.067820611897197 -1.3036824016338544 3.067820611897197 11.076042587215415
1 1.0 0.0 -1.6296030020423182 0.0 1.0 3.8347757648714973 -1.6296030020423182 3.8347757648714973 17.306316542524094
1 1.0 0.0 -1.9555236024507818 0.0 1.0 4.601730917845797 -1.9555236024507818 4.601730917845797 24.921095821234697
1 1.0 0.0 -1.7364678016264348 0.0 1.0 2.8453102967911543 -1.7364678016264348 2.8453102967911543 11.076042587215419
1 1.0 0.0 -2.1705847520330437 0.0 1.0 3.556637870988943 -2.1705847520330437 3.556637870988943 17.30631654252409
1 1.0 0.0 -2.6047017024396526 0.0 1.0 4.267965445186731 -2.6047017024396526 4.267965445186731 24.921095821234694
0
0
1 1.0 0.0 -3.1983651077944564 0.0 1.0 3.84323569889266 -3.1983651077944564 3.84323569889266 24.921095821234694
1 1.0 0.0 -2.4825739424792728 0.0 1.0 2.224396037407465 -2.4825739424792728 2.224396037407465 11.07604258721542
0
0
0
0
1 1.0 0.0 -4.169989089449391 0.0 1.0 2.758838703852227 -4.169989089449391 2.758838703852227 24.921095821234694
0
0
1 1.0 0.0 -4.527241187465734 0.0 1.0 2.122283494379074 -4.527241187465734 2.122283494379074 24.921095821234694
0
0
1 1.0 0.0 -4.78800299954203 0.0 1.0 1.4404954968261872 -4.78800299954203 1.4404954968261872 24.921095821234694
0
0
1 1.0 0.0 -4.946716840375551 0.0 1.0 0.7280058386750246 -4.946716840375551 0.7280058386750246 24.92109582123469
