RUNE_direct
TAG3
15.0
mm
129
17.8
3
1.3
-1
281
0
1 1.0 0.0 -12.5 0.0 1.0 -0.0 -12.5 -0.0 155.75684888271684
0
1 1.0 0.0 -9.893433680751102 0.0 1.0 -1.4560116773500484 -9.893433680751102 -1.4560116773500484 99.68438328493876
1 1.0 0.0 -12.366792100938879 0.0 1.0 -1.820014596687561 -12.366792100938879 -1.820014596687561 155.75684888271687
1 1.0 0.0 -14.840150521126654 0.0 1.0 -2.184017516025073 -14.840150521126654 -2.184017516025073 224.28986239111225
0
1 1.0 0.0 -11.970007498855074 0.0 1.0 -3.60123874206547 -11.970007498855074 -3.60123874206547 155.75684888271684
1 1.0 0.0 -14.364008998626089 0.0 1.0 -4.321486490478564 -14.364008998626089 -4.321486490478564 224.2898623911122
1 1.0 0.0 -9.054482374931466 0.0 1.0 -4.24456698875815 -9.054482374931466 -4.24456698875815 99.68438328493876
0
1 1.0 0.0 -13.5817235623972 0.0 1.0 -6.366850483137226 -13.5817235623972 -6.366850483137226 224.28986239111222
0
0
1 1.0 0.0 -12.509967268348168 0.0 1.0 -8.276516111556688 -12.509967268348168 -8.276516111556688 224.28986239111217
0
1 1.0 0.0 -9.309652284297275 0.0 1.0 -8.341485140277994 -9.309652284297275 -8.341485140277994 155.7568488827169
0
1 1.0 0.0 -6.396730215588912 0.0 1.0 -7.686471397785319 -6.396730215588912 -7.686471397785319 99.68438328493875
1 1.0 0.0 -7.995912769486141 0.0 1.0 -9.608089247231652 -7.995912769486141 -9.608089247231652 155.75684888271687
0
0
1 1.0 0.0 -6.511754256099128 0.0 1.0 -10.66991361296683 -6.511754256099128 -10.66991361296683 155.75684888271684
1 1.0 0.0 -7.814105107318953 0.0 1.0 -12.803896335560196 -7.814105107318953 -12.803896335560196 224.2898623911122
1 1.0 0.0 -3.9110472049015597 0.0 1.0 -9.203461835691593 -3.9110472049015597 -9.203461835691593 99.68438328493875
0
1 1.0 0.0 -5.86657080735234 0.0 1.0 -13.80519275353739 -5.86657080735234 -13.80519275353739 224.2898623911122
1 1.0 0.0 -2.5293338239168066 0.0 1.0 -9.674836970574253 -2.5293338239168066 -9.674836970574253 99.68438328493879
1 1.0 0.0 -3.1616672798960086 0.0 1.0 -12.093546213217817 -3.1616672798960086 -12.093546213217817 155.75684888271687
0
1 1.0 0.0 -1.093712083778743 0.0 1.0 -9.940009752399458 -1.093712083778743 -9.940009752399458 99.68438328493875
0
0
0
1 1.0 0.0 0.45652528822073685 0.0 1.0 -12.491660604627993 0.45652528822073685 -12.491660604627993 155.75684888271687
1 1.0 0.0 0.5478303458648842 0.0 1.0 -14.989992725553591 0.5478303458648842 -14.989992725553591 224.28986239111225
1 1.0 0.0 1.8163685097943636 0.0 1.0 -9.833656768294661 1.8163685097943636 -9.833656768294661 99.68438328493878
0
0
1 1.0 0.0 3.228804047714462 0.0 1.0 -9.464397731576094 3.228804047714462 -9.464397731576094 99.68438328493878
0
0
1 1.0 0.0 4.5724232330463845 0.0 1.0 -8.893421488825188 4.5724232330463845 -8.893421488825188 99.68438328493875
1 1.0 0.0 5.715529041307981 0.0 1.0 -11.116776861031488 5.715529041307981 -11.116776861031488 155.75684888271687
0
1 1.0 0.0 5.818589155579529 0.0 1.0 -8.132897407355651 5.818589155579529 -8.132897407355651 99.68438328493875
0
1 1.0 0.0 8.727883733369294 0.0 1.0 -12.19934611103348 8.727883733369294 -12.19934611103348 224.28986239111222
0
0
1 1.0 0.0 10.41111292830951 0.0 1.0 -10.798552106369938 10.41111292830951 -10.798552106369938 224.28986239111228
1 1.0 0.0 7.914964884292539 0.0 1.0 -6.1117371409784935 7.914964884292539 -6.1117371409784935 99.68438328493875
1 1.0 0.0 9.893706105365675 0.0 1.0 -7.639671426223118 9.893706105365675 -7.639671426223118 155.75684888271684
1 1.0 0.0 11.87244732643881 0.0 1.0 -9.16760571146774 11.87244732643881 -9.16760571146774 224.28986239111217
1 1.0 0.0 8.720494081438076 0.0 1.0 -4.894178478110854 8.720494081438076 -4.894178478110854 99.68438328493878
0
1 1.0 0.0 13.080741122157116 0.0 1.0 -7.341267717166281 13.080741122157116 -7.341267717166281 224.28986239111225
0
1 1.0 0.0 11.67520135915685 0.0 1.0 -4.465386122514161 11.67520135915685 -4.465386122514161 155.75684888271684
1 1.0 0.0 14.010241630988219 0.0 1.0 -5.358463347016993 14.010241630988219 -5.358463347016993 224.2898623911122
0
0
1 1.0 0.0 14.641138163338908 0.0 1.0 -3.2614526337233523 14.641138163338908 -3.2614526337233523 224.28986239111225
1 1.0 0.0 9.973322836635516 0.0 1.0 -0.7299531466090755 9.973322836635516 -0.7299531466090755 99.68438328493876
0
1 1.0 0.0 14.959984254953275 0.0 1.0 -1.0949297199136134 14.959984254953275 -1.0949297199136134 224.28986239111222
1 1.0 0.0 9.973322836635516 0.0 1.0 0.7299531466090775 9.973322836635516 0.7299531466090775 99.68438328493876
1 1.0 0.0 12.466653545794397 0.0 1.0 0.9124414332613469 12.466653545794397 0.9124414332613469 155.75684888271687
1 1.0 0.0 14.959984254953275 0.0 1.0 1.0949297199136163 14.959984254953275 1.0949297199136163 224.28986239111222
0
0
1 1.0 0.0 14.641138163338908 0.0 1.0 3.261452633723355 14.641138163338908 3.261452633723355 224.28986239111228
0
1 1.0 0.0 11.675201359156851 0.0 1.0 4.4653861225141585 11.675201359156851 4.4653861225141585 155.75684888271684
0
1 1.0 0.0 8.720494081438074 0.0 1.0 4.894178478110856 8.720494081438074 4.894178478110856 99.68438328493875
0
0
1 1.0 0.0 7.914964884292541 0.0 1.0 6.111737140978492 7.914964884292541 6.111737140978492 99.68438328493875
0
1 1.0 0.0 11.872447326438811 0.0 1.0 9.16760571146774 11.872447326438811 9.16760571146774 224.28986239111222
1 1.0 0.0 6.940741952206337 0.0 1.0 7.199034737579959 6.940741952206337 7.199034737579959 99.68438328493875
1 1.0 0.0 8.675927440257922 0.0 1.0 8.998793421974948 8.675927440257922 8.998793421974948 155.75684888271684
1 1.0 0.0 10.411112928309507 0.0 1.0 10.79855210636994 10.411112928309507 10.79855210636994 224.28986239111222
1 1.0 0.0 5.818589155579528 0.0 1.0 8.132897407355653 5.818589155579528 8.132897407355653 99.68438328493878
0
0
1 1.0 0.0 4.572423233046387 0.0 1.0 8.893421488825188 4.572423233046387 8.893421488825188 99.68438328493878
1 1.0 0.0 5.715529041307985 0.0 1.0 11.116776861031486 5.715529041307985 11.116776861031486 155.75684888271687
1 1.0 0.0 6.85863484956958 0.0 1.0 13.340132233237782 6.85863484956958 13.340132233237782 224.2898623911122
1 1.0 0.0 3.228804047714457 0.0 1.0 9.464397731576094 3.228804047714457 9.464397731576094 99.68438328493875
1 1.0 0.0 4.036005059643072 0.0 1.0 11.83049716447012 4.036005059643072 11.83049716447012 155.7568488827169
0
1 1.0 0.0 1.8163685097943614 0.0 1.0 9.833656768294661 1.8163685097943614 9.833656768294661 99.68438328493878
1 1.0 0.0 2.270460637242952 0.0 1.0 12.292070960368328 2.270460637242952 12.292070960368328 155.75684888271684
1 1.0 0.0 2.724552764691542 0.0 1.0 14.750485152441993 2.724552764691542 14.750485152441993 224.28986239111222
0
0
1 1.0 0.0 0.5478303458648812 0.0 1.0 14.989992725553591 0.5478303458648812 14.989992725553591 224.28986239111222
1 1.0 0.0 -1.0937120837787428 0.0 1.0 9.940009752399458 -1.0937120837787428 9.940009752399458 99.68438328493875
1 1.0 0.0 -1.3671401047234286 0.0 1.0 12.425012190499324 -1.3671401047234286 12.425012190499324 155.7568488827168
1 1.0 0.0 -1.6405681256681142 0.0 1.0 14.910014628599189 -1.6405681256681142 14.910014628599189 224.28986239111222
0
0
1 1.0 0.0 -3.7940007358752066 0.0 1.0 14.51225545586138 -3.7940007358752066 14.51225545586138 224.28986239111225
0
1 1.0 0.0 -4.888809006126955 0.0 1.0 11.504327294614493 -4.888809006126955 11.504327294614493 155.7568488827169
1 1.0 0.0 -5.866570807352345 0.0 1.0 13.80519275353739 -5.866570807352345 13.80519275353739 224.28986239111225
0
1 1.0 0.0 -6.511754256099131 0.0 1.0 10.669913612966829 -6.511754256099131 10.669913612966829 155.75684888271684
0
1 1.0 0.0 -6.396730215588912 0.0 1.0 7.686471397785319 -6.396730215588912 7.686471397785319 99.68438328493875
0
0
1 1.0 0.0 -7.447721827437817 0.0 1.0 6.6731881122223955 -7.447721827437817 6.6731881122223955 99.68438328493878
1 1.0 0.0 -9.309652284297274 0.0 1.0 8.341485140277994 -9.309652284297274 8.341485140277994 155.75684888271687
0
0
0
1 1.0 0.0 -12.509967268348174 0.0 1.0 8.276516111556681 -12.509967268348174 8.276516111556681 224.28986239111222
0
0
1 1.0 0.0 -13.581723562397201 0.0 1.0 6.366850483137221 -13.581723562397201 6.366850483137221 224.28986239111222
0
0
1 1.0 0.0 -14.364008998626089 0.0 1.0 4.321486490478561 -14.364008998626089 4.321486490478561 224.28986239111217
0
0
1 1.0 0.0 -14.840150521126652 0.0 1.0 2.1840175160250737 -14.840150521126652 2.1840175160250737 224.2898623911122
